{"roc":{"ROCy":[0.1635,0.1635,0.1635,0.23954,0.35361,0.42205,0.48289,0.53612,0.56654,0.58935,0.61217,0.62738,0.65019,0.68061,0.70342,0.70342,0.71103,0.71863,0.71863,0.72624,0.72624,0.72624,0.72624,0.72624,0.74144,0.76426,0.77947,0.77947,0.78707,0.79468,0.79468,0.79468,0.80989,0.8327,0.84791,0.85551,0.87072,0.87833,0.88593,0.88593,0.89354,0.90114,0.90875,0.92395,0.93156,0.93916,0.94677,0.94677,0.96198,0.96958,0.96958,0.96958,0.98479,0.98479,0.98479,0.98479,0.98479,0.98479,0.98479,0.9924,0.9924,0.9924,1,1,1,1,1,1,1,1,1,1,1,1,1,1,1,1,1,1,1,1,1,1,1,1,1,1,1,1,1,1,1,1,1,1,1,1,1,1,1],"ROCx":[0,0,0,0,0,0,0,0,0,0,0,0.00126,0.00126,0.00126,0.00252,0.00252,0.00252,0.00252,0.00252,0.00252,0.00378,0.00378,0.00504,0.00504,0.00504,0.00504,0.00883,0.01009,0.01009,0.01009,0.01261,0.01513,0.01639,0.01765,0.02396,0.02522,0.029,0.03657,0.03783,0.04666,0.05675,0.06431,0.07566,0.08953,0.11097,0.13241,0.14754,0.17276,0.20807,0.24968,0.29004,0.31274,0.33544,0.34678,0.36192,0.38083,0.40858,0.44641,0.51324,0.55612,0.59142,0.6053,0.61538,0.6343,0.65448,0.67718,0.69735,0.7314,0.76545,0.7831,0.79193,0.80706,0.82346,0.84237,0.86255,0.87516,0.88525,0.89912,0.90668,0.91299,0.92308,0.9319,0.93947,0.94325,0.9483,0.95082,0.95082,0.95208,0.95334,0.96217,0.971,0.9773,0.97856,0.98235,0.98613,0.98739,0.99117,0.99369,0.99622,0.99748,1],"ARUC":0.9736285655378096},"stats":{"avrSample":0.8803377052963429,"histogramSample":[0.00126,0.00252,0,0.00378,0.00252,0.00378,0.00252,0.00252,0.00252,0,0.00631,0.01009,0.00631,0.00378,0.00126,0,0,0.00252,0.00504,0.00378,0.00504,0.01009,0.00631,0.00631,0.00883,0.00757,0.01135,0.00883,0.01261,0.01639,0.01387,0.02018,0.01135,0.01387,0.00757,0.02144,0.029,0.03153,0.02018,0.01513,0.0227,0.01765,0.00883,0.01261,0.01261,0.03405,0.04035,0.06305,0.03657,0.02396,0.02144,0.01513,0.01009,0.01892,0.01387,0.02774,0.03153,0.03783,0.03657,0.0227,0.01387,0.01765,0.0227,0.01009,0.01513,0.01009,0.00631,0.01135,0.00504,0.00378,0.00631,0.00504,0.00252,0.00126,0.00504,0.00126,0.00126,0.00252,0.00252,0,0,0,0.00378,0.00126,0,0,0,0.00126,0,0.00126,0,0,0,0,0,0,0.00126,0,0,0.00126,0],"areaOverlap":0.25312741238690245,"stdControl":0.03179800849476584,"Z-probability":0.8739202949569639,"stdSample":0.028087481661619763,"avrControl":0.9718835148288976,"histogramControl":[0.0076,0,0,0,0.0076,0,0,0,0,0,0,0,0,0,0,0.0076,0.0076,0,0,0,0,0.0076,0.01521,0,0,0,0.0076,0,0.01521,0,0.0076,0.0076,0,0.01521,0,0.0076,0,0,0.0076,0.0076,0,0,0.01521,0.0076,0,0.01521,0.01521,0.0076,0.01521,0,0,0,0,0.0076,0.0076,0,0,0.0076,0.0076,0.01521,0.0076,0.01521,0,0,0,0,0,0,0,0.0076,0,0,0.0076,0,0.0076,0,0,0.0076,0.02281,0,0.02281,0.02281,0.0076,0.01521,0.01521,0,0.02281,0.0076,0.02281,0.03802,0.03802,0.04563,0.03802,0.04563,0.07605,0.06084,0.03042,0,0,0,0.1635],"Z":-0.9624761787186893},"rocChart":{"value":{"series":[[0.1635,0.1635,0.1635,0.23954,0.35361,0.42205,0.48289,0.53612,0.56654,0.58935,0.61217,0.62738,0.65019,0.68061,0.70342,0.70342,0.71103,0.71863,0.71863,0.72624,0.72624,0.72624,0.72624,0.72624,0.74144,0.76426,0.77947,0.77947,0.78707,0.79468,0.79468,0.79468,0.80989,0.8327,0.84791,0.85551,0.87072,0.87833,0.88593,0.88593,0.89354,0.90114,0.90875,0.92395,0.93156,0.93916,0.94677,0.94677,0.96198,0.96958,0.96958,0.96958,0.98479,0.98479,0.98479,0.98479,0.98479,0.98479,0.98479,0.9924,0.9924,0.9924,1,1,1,1,1,1,1,1,1,1,1,1,1,1,1,1,1,1,1,1,1,1,1,1,1,1,1,1,1,1,1,1,1,1,1,1,1,1,1]],"title":"ROC Curve","yAxis":{"label":"FPR"},"serieLabels":[""],"xAxis":{"label":"TPR"},"x":[0,0,0,0,0,0,0,0,0,0,0,0.00126,0.00126,0.00126,0.00252,0.00252,0.00252,0.00252,0.00252,0.00252,0.00378,0.00378,0.00504,0.00504,0.00504,0.00504,0.00883,0.01009,0.01009,0.01009,0.01261,0.01513,0.01639,0.01765,0.02396,0.02522,0.029,0.03657,0.03783,0.04666,0.05675,0.06431,0.07566,0.08953,0.11097,0.13241,0.14754,0.17276,0.20807,0.24968,0.29004,0.31274,0.33544,0.34678,0.36192,0.38083,0.40858,0.44641,0.51324,0.55612,0.59142,0.6053,0.61538,0.6343,0.65448,0.67718,0.69735,0.7314,0.76545,0.7831,0.79193,0.80706,0.82346,0.84237,0.86255,0.87516,0.88525,0.89912,0.90668,0.91299,0.92308,0.9319,0.93947,0.94325,0.9483,0.95082,0.95082,0.95208,0.95334,0.96217,0.971,0.9773,0.97856,0.98235,0.98613,0.98739,0.99117,0.99369,0.99622,0.99748,1]},"type":"xyChart"},"histogram":{"value":{"series":[[0.00126,0.00252,0,0.00378,0.00252,0.00378,0.00252,0.00252,0.00252,0,0.00631,0.01009,0.00631,0.00378,0.00126,0,0,0.00252,0.00504,0.00378,0.00504,0.01009,0.00631,0.00631,0.00883,0.00757,0.01135,0.00883,0.01261,0.01639,0.01387,0.02018,0.01135,0.01387,0.00757,0.02144,0.029,0.03153,0.02018,0.01513,0.0227,0.01765,0.00883,0.01261,0.01261,0.03405,0.04035,0.06305,0.03657,0.02396,0.02144,0.01513,0.01009,0.01892,0.01387,0.02774,0.03153,0.03783,0.03657,0.0227,0.01387,0.01765,0.0227,0.01009,0.01513,0.01009,0.00631,0.01135,0.00504,0.00378,0.00631,0.00504,0.00252,0.00126,0.00504,0.00126,0.00126,0.00252,0.00252,0,0,0,0.00378,0.00126,0,0,0,0.00126,0,0.00126,0,0,0,0,0,0,0.00126,0,0,0.00126,0],[0.0076,0,0,0,0.0076,0,0,0,0,0,0,0,0,0,0,0.0076,0.0076,0,0,0,0,0.0076,0.01521,0,0,0,0.0076,0,0.01521,0,0.0076,0.0076,0,0.01521,0,0.0076,0,0,0.0076,0.0076,0,0,0.01521,0.0076,0,0.01521,0.01521,0.0076,0.01521,0,0,0,0,0.0076,0.0076,0,0,0.0076,0.0076,0.01521,0.0076,0.01521,0,0,0,0,0,0,0,0.0076,0,0,0.0076,0,0.0076,0,0,0.0076,0.02281,0,0.02281,0.02281,0.0076,0.01521,0.01521,0,0.02281,0.0076,0.02281,0.03802,0.03802,0.04563,0.03802,0.04563,0.07605,0.06084,0.03042,0,0,0,0.1635]],"title":"Sample and Control distribution","yAxis":{"label":"Population"},"serieLabels":["Sample","Control"],"xAxis":{"label":"Similarity"},"x":[0,1,2,3,4,5,6,7,8,9,10,11,12,13,14,15,16,17,18,19,20,21,22,23,24,25,26,27,28,29,30,31,32,33,34,35,36,37,38,39,40,41,42,43,44,45,46,47,48,49,50,51,52,53,54,55,56,57,58,59,60,61,62,63,64,65,66,67,68,69,70,71,72,73,74,75,76,77,78,79,80,81,82,83,84,85,86,87,88,89,90,91,92,93,94,95,96,97,98,99,100]},"type":"xyChart"},"distanceMatrix":{"value":{"yLabel":[{"Subclass":"Nylon6","General class":"Nylon","batch":"1-3","Class":"Nylon6","code":"84A0210","jcamp":{"type":"jcamp","url":"http://mylims.epfl.ch/lims/Lims?action=GetResource&id=28298596&table=ir&column=resource&mimetype=chemical/x-jcamp-dx&&key=ycUpMpEN1f"}},{"Subclass":"Nylon66","General class":"Nylon","batch":"2-2","Class":"Nylon66","code":"87A0444","jcamp":{"type":"jcamp","url":"http://mylims.epfl.ch/lims/Lims?action=GetResource&id=28299178&table=ir&column=resource&mimetype=chemical/x-jcamp-dx&&key=zdsII4qGhg"}},{"Subclass":"Nylon66","General class":"Nylon","batch":"1-4","Class":"Nylon66","code":"85A0306","jcamp":{"type":"jcamp","url":"http://mylims.epfl.ch/lims/Lims?action=GetResource&id=28298788&table=ir&column=resource&mimetype=chemical/x-jcamp-dx&&key=gPAb7MaUFF"}},{"Subclass":"Nylon6","General class":"Nylon","batch":"3-4","Class":"Nylon6","code":"84A0175","jcamp":{"type":"jcamp","url":"http://mylims.epfl.ch/lims/Lims?action=GetResource&id=28298482&table=ir&column=resource&mimetype=chemical/x-jcamp-dx&&key=slbSNdzDD2"}},{"Subclass":"Nylon6","General class":"Nylon","batch":"1-3","Class":"Nylon6","code":"84A0175","jcamp":{"type":"jcamp","url":"http://mylims.epfl.ch/lims/Lims?action=GetResource&id=28298452&table=ir&column=resource&mimetype=chemical/x-jcamp-dx&&key=YK25yXDA3K"}},{"Subclass":"Nylon66","General class":"Nylon","batch":"4-6","Class":"Nylon66","code":"87A0402","jcamp":{"type":"jcamp","url":"http://mylims.epfl.ch/lims/Lims?action=GetResource&id=28299070&table=ir&column=resource&mimetype=chemical/x-jcamp-dx&&key=eM4MXefP8o"}},{"Subclass":"Nylon66","General class":"Nylon","batch":"1-2","Class":"Nylon66","code":"87A0358","jcamp":{"type":"jcamp","url":"http://mylims.epfl.ch/lims/Lims?action=GetResource&id=28298878&table=ir&column=resource&mimetype=chemical/x-jcamp-dx&&key=qwSXQe5j80"}},{"Subclass":"modacrylic_PAN_VDC","General class":"Modacrylic","batch":"1-4","Class":"modacrylic","code":"73","jcamp":{"type":"jcamp","url":"http://mylims.epfl.ch/lims/Lims?action=GetResource&id=28298014&table=ir&column=resource&mimetype=chemical/x-jcamp-dx&&key=shGkVd5dF5"}},{"Subclass":"modacrylic_PAN_VC","General class":"Modacrylic","batch":"2-4","Class":"modacrylic","code":"72","jcamp":{"type":"jcamp","url":"http://mylims.epfl.ch/lims/Lims?action=GetResource&id=28297984&table=ir&column=resource&mimetype=chemical/x-jcamp-dx&&key=RehxD0313G"}},{"Subclass":"modacrylic_PAN_VC","General class":"Modacrylic","batch":"1-3","Class":"modacrylic","code":"72","jcamp":{"type":"jcamp","url":"http://mylims.epfl.ch/lims/Lims?action=GetResource&id=28297948&table=ir&column=resource&mimetype=chemical/x-jcamp-dx&&key=TnTg2SzvZ1"}},{"Subclass":"Nylon6","General class":"Nylon","batch":"2-5","Class":"Nylon6","code":"82","jcamp":{"type":"jcamp","url":"http://mylims.epfl.ch/lims/Lims?action=GetResource&id=28298380&table=ir&column=resource&mimetype=chemical/x-jcamp-dx&&key=NjfqcX3pvQ"}},{"Subclass":"modacrylic_PAN_VDC","General class":"Modacrylic","batch":"2-2","Class":"modacrylic","code":"87A0382","jcamp":{"type":"jcamp","url":"http://mylims.epfl.ch/lims/Lims?action=GetResource&id=28298188&table=ir&column=resource&mimetype=chemical/x-jcamp-dx&&key=fRblSprVeR"}},{"Subclass":"fluorocarbon","General class":"Fluorocarbon","batch":"4-2","Class":"fluorocarbon","code":"87A0465","jcamp":{"type":"jcamp","url":"http://mylims.epfl.ch/lims/Lims?action=GetResource&id=28297426&table=ir&column=resource&mimetype=chemical/x-jcamp-dx&&key=lZr0PvcoxL"}},{"Subclass":"lyocell","General class":"Lyocell","batch":"1-5","Class":"lyocell","code":"187","jcamp":{"type":"jcamp","url":"http://mylims.epfl.ch/lims/Lims?action=GetResource&id=28297480&table=ir&column=resource&mimetype=chemical/x-jcamp-dx&&key=Pg7DDODqaU"}},{"Subclass":"chlorofiber","General class":"Chlorofiber","batch":"1-5","Class":"chlorofiber","code":"54","jcamp":{"type":"jcamp","url":"http://mylims.epfl.ch/lims/Lims?action=GetResource&id=28297288&table=ir&column=resource&mimetype=chemical/x-jcamp-dx&&key=qQsRqOPAyN"}},{"Subclass":"modacrylic_PAN_VC","General class":"Modacrylic","batch":"2-1","Class":"modacrylic","code":"66","jcamp":{"type":"jcamp","url":"http://mylims.epfl.ch/lims/Lims?action=GetResource&id=28297696&table=ir&column=resource&mimetype=chemical/x-jcamp-dx&&key=vwmcsrFW97"}},{"Subclass":"lyocell","General class":"Lyocell","batch":"3-4","Class":"lyocell","code":"55","jcamp":{"type":"jcamp","url":"http://mylims.epfl.ch/lims/Lims?action=GetResource&id=28297576&table=ir&column=resource&mimetype=chemical/x-jcamp-dx&&key=KBekces8ME"}},{"Subclass":"rayon","General class":"Rayon","batch":"1-3","Class":"rayon","code":"85A0222","jcamp":{"type":"jcamp","url":"http://mylims.epfl.ch/lims/Lims?action=GetResource&id=28297030&table=ir&column=resource&mimetype=chemical/x-jcamp-dx&&key=ujGvBUeCE7"}},{"Subclass":"rayon","General class":"Rayon","batch":"2-4","Class":"rayon","code":"196","jcamp":{"type":"jcamp","url":"http://mylims.epfl.ch/lims/Lims?action=GetResource&id=28296952&table=ir&column=resource&mimetype=chemical/x-jcamp-dx&&key=XhcAkjkWXF"}},{"Subclass":"rayon","General class":"Rayon","batch":"2-1","Class":"rayon","code":"193","jcamp":{"type":"jcamp","url":"http://mylims.epfl.ch/lims/Lims?action=GetResource&id=28296874&table=ir&column=resource&mimetype=chemical/x-jcamp-dx&&key=DnI9NyrZfF"}},{"Subclass":"PAN_MA","General class":"Acrylic","batch":"2-2","Class":"PAN","code":"39","jcamp":{"type":"jcamp","url":"http://mylims.epfl.ch/lims/Lims?action=GetResource&id=28296550&table=ir&column=resource&mimetype=chemical/x-jcamp-dx&&key=mobWHstG6o"}},{"Subclass":"PAN_MA","General class":"Acrylic","batch":"1-1","Class":"PAN","code":"48","jcamp":{"type":"jcamp","url":"http://mylims.epfl.ch/lims/Lims?action=GetResource&id=28296658&table=ir&column=resource&mimetype=chemical/x-jcamp-dx&&key=0RuJDLkkgV"}},{"Subclass":"Acrylic_PAN_MA","General class":"Acrylic","batch":"1-4","Class":"Acrylic","code":"65","jcamp":{"type":"jcamp","url":"http://mylims.epfl.ch/lims/Lims?action=GetResource&id=28296754&table=ir&column=resource&mimetype=chemical/x-jcamp-dx&&key=kA5RNDWXYj"}},{"Subclass":"PAN_MA","General class":"Acrylic","batch":"1-7","Class":"PAN","code":"48","jcamp":{"type":"jcamp","url":"http://mylims.epfl.ch/lims/Lims?action=GetResource&id=28296694&table=ir&column=resource&mimetype=chemical/x-jcamp-dx&&key=pdea72574z"}},{"Subclass":"PAN_MA","General class":"Acrylic","batch":"1-2","Class":"PAN","code":"24","jcamp":{"type":"jcamp","url":"http://mylims.epfl.ch/lims/Lims?action=GetResource&id=28296292&table=ir&column=resource&mimetype=chemical/x-jcamp-dx&&key=rCeQEYQEMr"}},{"Subclass":"Polyester_PET","General class":"Polyester","batch":"2-6","Class":"Polyester","code":"87A0462","jcamp":{"type":"jcamp","url":"http://mylims.epfl.ch/lims/Lims?action=GetResource&id=28295740&table=ir&column=resource&mimetype=chemical/x-jcamp-dx&&key=TALwfAQ95O"}},{"Subclass":"Polyester_PET","General class":"Polyester","batch":"1-3","Class":"Polyester","code":"87A0446","jcamp":{"type":"jcamp","url":"http://mylims.epfl.ch/lims/Lims?action=GetResource&id=28295620&table=ir&column=resource&mimetype=chemical/x-jcamp-dx&&key=jwqIjThLTr"}},{"Subclass":"PAN_MA","General class":"Acrylic","batch":"3-1","Class":"PAN","code":"10","jcamp":{"type":"jcamp","url":"http://mylims.epfl.ch/lims/Lims?action=GetResource&id=28296148&table=ir&column=resource&mimetype=chemical/x-jcamp-dx&&key=g7TjNMbWXz"}},{"Subclass":"PAN_MMA","General class":"Acrylic","batch":"1-2","Class":"PAN","code":"20","jcamp":{"type":"jcamp","url":"http://mylims.epfl.ch/lims/Lims?action=GetResource&id=28296244&table=ir&column=resource&mimetype=chemical/x-jcamp-dx&&key=grECxcYfWS"}},{"Subclass":"triacetate","General class":"Acetate","batch":"4-1","Class":"triacetate","code":"85A0296","jcamp":{"type":"jcamp","url":"http://mylims.epfl.ch/lims/Lims?action=GetResource&id=28295908&table=ir&column=resource&mimetype=chemical/x-jcamp-dx&&key=IbO6njQple"}},{"Subclass":"triacetate","General class":"Acetate","batch":"3-1","Class":"triacetate","code":"85A0301","jcamp":{"type":"jcamp","url":"http://mylims.epfl.ch/lims/Lims?action=GetResource&id=28296010&table=ir&column=resource&mimetype=chemical/x-jcamp-dx&&key=T2khPWiI10"}},{"Subclass":"Polyester_PET","General class":"Polyester","batch":"2-1","Class":"Polyester","code":"85A0286","jcamp":{"type":"jcamp","url":"http://mylims.epfl.ch/lims/Lims?action=GetResource&id=28295158&table=ir&column=resource&mimetype=chemical/x-jcamp-dx&&key=QKF37qUZPM"}},{"Subclass":"Polyester_PET","General class":"Polyester","batch":"2-2","Class":"Polyester","code":"85A0232","jcamp":{"type":"jcamp","url":"http://mylims.epfl.ch/lims/Lims?action=GetResource&id=28294978&table=ir&column=resource&mimetype=chemical/x-jcamp-dx&&key=Y9wFqkEQrU"}},{"Subclass":"Polyester_PET","General class":"Polyester","batch":"2-2","Class":"Polyester","code":"87A0400","jcamp":{"type":"jcamp","url":"http://mylims.epfl.ch/lims/Lims?action=GetResource&id=28295584&table=ir&column=resource&mimetype=chemical/x-jcamp-dx&&key=8bambhBlXs"}},{"Subclass":"Polyester_PET","General class":"Polyester","batch":"1-5","Class":"Polyester","code":"87A0369","jcamp":{"type":"jcamp","url":"http://mylims.epfl.ch/lims/Lims?action=GetResource&id=28295488&table=ir&column=resource&mimetype=chemical/x-jcamp-dx&&key=diHV7RXIrQ"}},{"Subclass":"Polyester_PET","General class":"Polyester","batch":"1-1","Class":"Polyester","code":"85A0303","jcamp":{"type":"jcamp","url":"http://mylims.epfl.ch/lims/Lims?action=GetResource&id=28295182&table=ir&column=resource&mimetype=chemical/x-jcamp-dx&&key=NGOsoXDtuI"}},{"Subclass":"Polyester_PET","General class":"Polyester","batch":"1-2","Class":"Polyester","code":"87A0328","jcamp":{"type":"jcamp","url":"http://mylims.epfl.ch/lims/Lims?action=GetResource&id=28295302&table=ir&column=resource&mimetype=chemical/x-jcamp-dx&&key=8MF2szqUOL"}},{"Subclass":"Olefin_polypropylene","General class":"Olefin","batch":"1-1","Class":"Olefin","code":"87A0432","jcamp":{"type":"jcamp","url":"http://mylims.epfl.ch/lims/Lims?action=GetResource&id=28294366&table=ir&column=resource&mimetype=chemical/x-jcamp-dx&&key=bZNBX4XRUY"}},{"Subclass":"Olefin_polypropylene","General class":"Olefin","batch":"4-7","Class":"Olefin","code":"87A0406","jcamp":{"type":"jcamp","url":"http://mylims.epfl.ch/lims/Lims?action=GetResource&id=28294312&table=ir&column=resource&mimetype=chemical/x-jcamp-dx&&key=CvpFq3asPx"}},{"Subclass":"Polyester_TA_EG_PHBA","General class":"Polyester","batch":"1-5","Class":"Polyester","code":"179","jcamp":{"type":"jcamp","url":"http://mylims.epfl.ch/lims/Lims?action=GetResource&id=28294804&table=ir&column=resource&mimetype=chemical/x-jcamp-dx&&key=PdQFEvjxAJ"}},{"Subclass":"Olefin_polypropylene","General class":"Olefin","batch":"1-2","Class":"Olefin","code":"87A0471","jcamp":{"type":"jcamp","url":"http://mylims.epfl.ch/lims/Lims?action=GetResource&id=28294594&table=ir&column=resource&mimetype=chemical/x-jcamp-dx&&key=MYWPdDcZ2W"}},{"Subclass":"Olefin_polyethylene","General class":"Olefin","batch":"2-1","Class":"Olefin","code":"87A0457","jcamp":{"type":"jcamp","url":"http://mylims.epfl.ch/lims/Lims?action=GetResource&id=28294558&table=ir&column=resource&mimetype=chemical/x-jcamp-dx&&key=3LFqV6ag3Q"}},{"Subclass":"Olefin_polypropylene","General class":"Olefin","batch":"1-2","Class":"Olefin","code":"127","jcamp":{"type":"jcamp","url":"http://mylims.epfl.ch/lims/Lims?action=GetResource&id=28294090&table=ir&column=resource&mimetype=chemical/x-jcamp-dx&&key=7GGIPVj77r"}}],"xLabel":[{"Subclass":"Nylon6","General class":"Nylon","batch":"1-3","Class":"Nylon6","code":"84A0210","jcamp":{"type":"jcamp","url":"http://mylims.epfl.ch/lims/Lims?action=GetResource&id=28298596&table=ir&column=resource&mimetype=chemical/x-jcamp-dx&&key=ycUpMpEN1f"}},{"Subclass":"Nylon66","General class":"Nylon","batch":"2-2","Class":"Nylon66","code":"87A0444","jcamp":{"type":"jcamp","url":"http://mylims.epfl.ch/lims/Lims?action=GetResource&id=28299178&table=ir&column=resource&mimetype=chemical/x-jcamp-dx&&key=zdsII4qGhg"}},{"Subclass":"Nylon66","General class":"Nylon","batch":"1-4","Class":"Nylon66","code":"85A0306","jcamp":{"type":"jcamp","url":"http://mylims.epfl.ch/lims/Lims?action=GetResource&id=28298788&table=ir&column=resource&mimetype=chemical/x-jcamp-dx&&key=gPAb7MaUFF"}},{"Subclass":"Nylon6","General class":"Nylon","batch":"3-4","Class":"Nylon6","code":"84A0175","jcamp":{"type":"jcamp","url":"http://mylims.epfl.ch/lims/Lims?action=GetResource&id=28298482&table=ir&column=resource&mimetype=chemical/x-jcamp-dx&&key=slbSNdzDD2"}},{"Subclass":"Nylon6","General class":"Nylon","batch":"1-3","Class":"Nylon6","code":"84A0175","jcamp":{"type":"jcamp","url":"http://mylims.epfl.ch/lims/Lims?action=GetResource&id=28298452&table=ir&column=resource&mimetype=chemical/x-jcamp-dx&&key=YK25yXDA3K"}},{"Subclass":"Nylon66","General class":"Nylon","batch":"4-6","Class":"Nylon66","code":"87A0402","jcamp":{"type":"jcamp","url":"http://mylims.epfl.ch/lims/Lims?action=GetResource&id=28299070&table=ir&column=resource&mimetype=chemical/x-jcamp-dx&&key=eM4MXefP8o"}},{"Subclass":"Nylon66","General class":"Nylon","batch":"1-2","Class":"Nylon66","code":"87A0358","jcamp":{"type":"jcamp","url":"http://mylims.epfl.ch/lims/Lims?action=GetResource&id=28298878&table=ir&column=resource&mimetype=chemical/x-jcamp-dx&&key=qwSXQe5j80"}},{"Subclass":"modacrylic_PAN_VDC","General class":"Modacrylic","batch":"1-4","Class":"modacrylic","code":"73","jcamp":{"type":"jcamp","url":"http://mylims.epfl.ch/lims/Lims?action=GetResource&id=28298014&table=ir&column=resource&mimetype=chemical/x-jcamp-dx&&key=shGkVd5dF5"}},{"Subclass":"modacrylic_PAN_VC","General class":"Modacrylic","batch":"2-4","Class":"modacrylic","code":"72","jcamp":{"type":"jcamp","url":"http://mylims.epfl.ch/lims/Lims?action=GetResource&id=28297984&table=ir&column=resource&mimetype=chemical/x-jcamp-dx&&key=RehxD0313G"}},{"Subclass":"modacrylic_PAN_VC","General class":"Modacrylic","batch":"1-3","Class":"modacrylic","code":"72","jcamp":{"type":"jcamp","url":"http://mylims.epfl.ch/lims/Lims?action=GetResource&id=28297948&table=ir&column=resource&mimetype=chemical/x-jcamp-dx&&key=TnTg2SzvZ1"}},{"Subclass":"Nylon6","General class":"Nylon","batch":"2-5","Class":"Nylon6","code":"82","jcamp":{"type":"jcamp","url":"http://mylims.epfl.ch/lims/Lims?action=GetResource&id=28298380&table=ir&column=resource&mimetype=chemical/x-jcamp-dx&&key=NjfqcX3pvQ"}},{"Subclass":"modacrylic_PAN_VDC","General class":"Modacrylic","batch":"2-2","Class":"modacrylic","code":"87A0382","jcamp":{"type":"jcamp","url":"http://mylims.epfl.ch/lims/Lims?action=GetResource&id=28298188&table=ir&column=resource&mimetype=chemical/x-jcamp-dx&&key=fRblSprVeR"}},{"Subclass":"fluorocarbon","General class":"Fluorocarbon","batch":"4-2","Class":"fluorocarbon","code":"87A0465","jcamp":{"type":"jcamp","url":"http://mylims.epfl.ch/lims/Lims?action=GetResource&id=28297426&table=ir&column=resource&mimetype=chemical/x-jcamp-dx&&key=lZr0PvcoxL"}},{"Subclass":"lyocell","General class":"Lyocell","batch":"1-5","Class":"lyocell","code":"187","jcamp":{"type":"jcamp","url":"http://mylims.epfl.ch/lims/Lims?action=GetResource&id=28297480&table=ir&column=resource&mimetype=chemical/x-jcamp-dx&&key=Pg7DDODqaU"}},{"Subclass":"chlorofiber","General class":"Chlorofiber","batch":"1-5","Class":"chlorofiber","code":"54","jcamp":{"type":"jcamp","url":"http://mylims.epfl.ch/lims/Lims?action=GetResource&id=28297288&table=ir&column=resource&mimetype=chemical/x-jcamp-dx&&key=qQsRqOPAyN"}},{"Subclass":"modacrylic_PAN_VC","General class":"Modacrylic","batch":"2-1","Class":"modacrylic","code":"66","jcamp":{"type":"jcamp","url":"http://mylims.epfl.ch/lims/Lims?action=GetResource&id=28297696&table=ir&column=resource&mimetype=chemical/x-jcamp-dx&&key=vwmcsrFW97"}},{"Subclass":"lyocell","General class":"Lyocell","batch":"3-4","Class":"lyocell","code":"55","jcamp":{"type":"jcamp","url":"http://mylims.epfl.ch/lims/Lims?action=GetResource&id=28297576&table=ir&column=resource&mimetype=chemical/x-jcamp-dx&&key=KBekces8ME"}},{"Subclass":"rayon","General class":"Rayon","batch":"1-3","Class":"rayon","code":"85A0222","jcamp":{"type":"jcamp","url":"http://mylims.epfl.ch/lims/Lims?action=GetResource&id=28297030&table=ir&column=resource&mimetype=chemical/x-jcamp-dx&&key=ujGvBUeCE7"}},{"Subclass":"rayon","General class":"Rayon","batch":"2-4","Class":"rayon","code":"196","jcamp":{"type":"jcamp","url":"http://mylims.epfl.ch/lims/Lims?action=GetResource&id=28296952&table=ir&column=resource&mimetype=chemical/x-jcamp-dx&&key=XhcAkjkWXF"}},{"Subclass":"rayon","General class":"Rayon","batch":"2-1","Class":"rayon","code":"193","jcamp":{"type":"jcamp","url":"http://mylims.epfl.ch/lims/Lims?action=GetResource&id=28296874&table=ir&column=resource&mimetype=chemical/x-jcamp-dx&&key=DnI9NyrZfF"}},{"Subclass":"PAN_MA","General class":"Acrylic","batch":"2-2","Class":"PAN","code":"39","jcamp":{"type":"jcamp","url":"http://mylims.epfl.ch/lims/Lims?action=GetResource&id=28296550&table=ir&column=resource&mimetype=chemical/x-jcamp-dx&&key=mobWHstG6o"}},{"Subclass":"PAN_MA","General class":"Acrylic","batch":"1-1","Class":"PAN","code":"48","jcamp":{"type":"jcamp","url":"http://mylims.epfl.ch/lims/Lims?action=GetResource&id=28296658&table=ir&column=resource&mimetype=chemical/x-jcamp-dx&&key=0RuJDLkkgV"}},{"Subclass":"Acrylic_PAN_MA","General class":"Acrylic","batch":"1-4","Class":"Acrylic","code":"65","jcamp":{"type":"jcamp","url":"http://mylims.epfl.ch/lims/Lims?action=GetResource&id=28296754&table=ir&column=resource&mimetype=chemical/x-jcamp-dx&&key=kA5RNDWXYj"}},{"Subclass":"PAN_MA","General class":"Acrylic","batch":"1-7","Class":"PAN","code":"48","jcamp":{"type":"jcamp","url":"http://mylims.epfl.ch/lims/Lims?action=GetResource&id=28296694&table=ir&column=resource&mimetype=chemical/x-jcamp-dx&&key=pdea72574z"}},{"Subclass":"PAN_MA","General class":"Acrylic","batch":"1-2","Class":"PAN","code":"24","jcamp":{"type":"jcamp","url":"http://mylims.epfl.ch/lims/Lims?action=GetResource&id=28296292&table=ir&column=resource&mimetype=chemical/x-jcamp-dx&&key=rCeQEYQEMr"}},{"Subclass":"Polyester_PET","General class":"Polyester","batch":"2-6","Class":"Polyester","code":"87A0462","jcamp":{"type":"jcamp","url":"http://mylims.epfl.ch/lims/Lims?action=GetResource&id=28295740&table=ir&column=resource&mimetype=chemical/x-jcamp-dx&&key=TALwfAQ95O"}},{"Subclass":"Polyester_PET","General class":"Polyester","batch":"1-3","Class":"Polyester","code":"87A0446","jcamp":{"type":"jcamp","url":"http://mylims.epfl.ch/lims/Lims?action=GetResource&id=28295620&table=ir&column=resource&mimetype=chemical/x-jcamp-dx&&key=jwqIjThLTr"}},{"Subclass":"PAN_MA","General class":"Acrylic","batch":"3-1","Class":"PAN","code":"10","jcamp":{"type":"jcamp","url":"http://mylims.epfl.ch/lims/Lims?action=GetResource&id=28296148&table=ir&column=resource&mimetype=chemical/x-jcamp-dx&&key=g7TjNMbWXz"}},{"Subclass":"PAN_MMA","General class":"Acrylic","batch":"1-2","Class":"PAN","code":"20","jcamp":{"type":"jcamp","url":"http://mylims.epfl.ch/lims/Lims?action=GetResource&id=28296244&table=ir&column=resource&mimetype=chemical/x-jcamp-dx&&key=grECxcYfWS"}},{"Subclass":"triacetate","General class":"Acetate","batch":"4-1","Class":"triacetate","code":"85A0296","jcamp":{"type":"jcamp","url":"http://mylims.epfl.ch/lims/Lims?action=GetResource&id=28295908&table=ir&column=resource&mimetype=chemical/x-jcamp-dx&&key=IbO6njQple"}},{"Subclass":"triacetate","General class":"Acetate","batch":"3-1","Class":"triacetate","code":"85A0301","jcamp":{"type":"jcamp","url":"http://mylims.epfl.ch/lims/Lims?action=GetResource&id=28296010&table=ir&column=resource&mimetype=chemical/x-jcamp-dx&&key=T2khPWiI10"}},{"Subclass":"Polyester_PET","General class":"Polyester","batch":"2-1","Class":"Polyester","code":"85A0286","jcamp":{"type":"jcamp","url":"http://mylims.epfl.ch/lims/Lims?action=GetResource&id=28295158&table=ir&column=resource&mimetype=chemical/x-jcamp-dx&&key=QKF37qUZPM"}},{"Subclass":"Polyester_PET","General class":"Polyester","batch":"2-2","Class":"Polyester","code":"85A0232","jcamp":{"type":"jcamp","url":"http://mylims.epfl.ch/lims/Lims?action=GetResource&id=28294978&table=ir&column=resource&mimetype=chemical/x-jcamp-dx&&key=Y9wFqkEQrU"}},{"Subclass":"Polyester_PET","General class":"Polyester","batch":"2-2","Class":"Polyester","code":"87A0400","jcamp":{"type":"jcamp","url":"http://mylims.epfl.ch/lims/Lims?action=GetResource&id=28295584&table=ir&column=resource&mimetype=chemical/x-jcamp-dx&&key=8bambhBlXs"}},{"Subclass":"Polyester_PET","General class":"Polyester","batch":"1-5","Class":"Polyester","code":"87A0369","jcamp":{"type":"jcamp","url":"http://mylims.epfl.ch/lims/Lims?action=GetResource&id=28295488&table=ir&column=resource&mimetype=chemical/x-jcamp-dx&&key=diHV7RXIrQ"}},{"Subclass":"Polyester_PET","General class":"Polyester","batch":"1-1","Class":"Polyester","code":"85A0303","jcamp":{"type":"jcamp","url":"http://mylims.epfl.ch/lims/Lims?action=GetResource&id=28295182&table=ir&column=resource&mimetype=chemical/x-jcamp-dx&&key=NGOsoXDtuI"}},{"Subclass":"Polyester_PET","General class":"Polyester","batch":"1-2","Class":"Polyester","code":"87A0328","jcamp":{"type":"jcamp","url":"http://mylims.epfl.ch/lims/Lims?action=GetResource&id=28295302&table=ir&column=resource&mimetype=chemical/x-jcamp-dx&&key=8MF2szqUOL"}},{"Subclass":"Olefin_polypropylene","General class":"Olefin","batch":"1-1","Class":"Olefin","code":"87A0432","jcamp":{"type":"jcamp","url":"http://mylims.epfl.ch/lims/Lims?action=GetResource&id=28294366&table=ir&column=resource&mimetype=chemical/x-jcamp-dx&&key=bZNBX4XRUY"}},{"Subclass":"Olefin_polypropylene","General class":"Olefin","batch":"4-7","Class":"Olefin","code":"87A0406","jcamp":{"type":"jcamp","url":"http://mylims.epfl.ch/lims/Lims?action=GetResource&id=28294312&table=ir&column=resource&mimetype=chemical/x-jcamp-dx&&key=CvpFq3asPx"}},{"Subclass":"Polyester_TA_EG_PHBA","General class":"Polyester","batch":"1-5","Class":"Polyester","code":"179","jcamp":{"type":"jcamp","url":"http://mylims.epfl.ch/lims/Lims?action=GetResource&id=28294804&table=ir&column=resource&mimetype=chemical/x-jcamp-dx&&key=PdQFEvjxAJ"}},{"Subclass":"Olefin_polypropylene","General class":"Olefin","batch":"1-2","Class":"Olefin","code":"87A0471","jcamp":{"type":"jcamp","url":"http://mylims.epfl.ch/lims/Lims?action=GetResource&id=28294594&table=ir&column=resource&mimetype=chemical/x-jcamp-dx&&key=MYWPdDcZ2W"}},{"Subclass":"Olefin_polyethylene","General class":"Olefin","batch":"2-1","Class":"Olefin","code":"87A0457","jcamp":{"type":"jcamp","url":"http://mylims.epfl.ch/lims/Lims?action=GetResource&id=28294558&table=ir&column=resource&mimetype=chemical/x-jcamp-dx&&key=3LFqV6ag3Q"}},{"Subclass":"Olefin_polypropylene","General class":"Olefin","batch":"1-2","Class":"Olefin","code":"127","jcamp":{"type":"jcamp","url":"http://mylims.epfl.ch/lims/Lims?action=GetResource&id=28294090&table=ir&column=resource&mimetype=chemical/x-jcamp-dx&&key=7GGIPVj77r"}}],"data":[[1,0.97544,0.97357,0.97373,0.977,0.9721,0.97778,0.86348,0.85504,0.85029,0.9657,0.8475,0.87113,0.87262,0.87086,0.89615,0.87645,0.88162,0.87365,0.91005,0.83296,0.80789,0.83612,0.79982,0.84611,0.86611,0.86822,0.849,0.86399,0.8561,0.85788,0.86815,0.86759,0.86629,0.86486,0.86564,0.86556,0.90372,0.90253,0.86902,0.90184,0.89249,0.90254],[0.97544,1,0.98921,0.98108,0.98525,0.99202,0.98635,0.87171,0.8555,0.85233,0.98113,0.85026,0.88336,0.8802,0.88024,0.89889,0.88385,0.89096,0.8805,0.91956,0.83636,0.80823,0.84081,0.80154,0.84955,0.88002,0.88151,0.85569,0.872,0.86724,0.8691,0.88205,0.88102,0.87978,0.87854,0.8795,0.87909,0.91285,0.91079,0.88329,0.90956,0.9034,0.91124],[0.97357,0.98921,1,0.97709,0.9889,0.98939,0.99143,0.8728,0.85824,0.85433,0.97549,0.85382,0.88447,0.88175,0.88237,0.90152,0.88545,0.89224,0.88195,0.92006,0.83873,0.81228,0.8431,0.80564,0.85169,0.88202,0.88265,0.85815,0.87305,0.86757,0.86968,0.88392,0.88212,0.8811,0.88002,0.88117,0.8805,0.91652,0.91442,0.88531,0.91223,0.9069,0.91438],[0.97373,0.98108,0.97709,1,0.97954,0.98276,0.97544,0.86963,0.85627,0.85316,0.97999,0.85062,0.87636,0.87956,0.8813,0.89984,0.88233,0.88917,0.87955,0.91699,0.83639,0.81336,0.83959,0.80747,0.84953,0.87429,0.87476,0.85508,0.86837,0.8637,0.86573,0.87604,0.87398,0.87345,0.87207,0.87331,0.87283,0.90949,0.90834,0.87731,0.90445,0.89975,0.90703],[0.977,0.98525,0.9889,0.97954,1,0.98684,0.98493,0.8754,0.86173,0.8586,0.9776,0.85605,0.88542,0.88452,0.88471,0.906,0.88804,0.89465,0.8852,0.92301,0.84173,0.81341,0.84614,0.80674,0.85493,0.88306,0.88496,0.8593,0.87654,0.87023,0.87226,0.885,0.88415,0.88307,0.88163,0.88249,0.88224,0.91749,0.91513,0.88602,0.91413,0.90706,0.91549],[0.9721,0.99202,0.98939,0.98276,0.98684,1,0.9858,0.87443,0.85713,0.85433,0.98297,0.8521,0.88625,0.88345,0.88438,0.90113,0.8867,0.89448,0.88378,0.92307,0.83834,0.81036,0.84239,0.80379,0.85138,0.88367,0.88439,0.85765,0.87398,0.8706,0.87247,0.88555,0.88373,0.88295,0.88163,0.88299,0.88231,0.91587,0.91431,0.88682,0.91136,0.90657,0.91392],[0.97778,0.98635,0.99143,0.97544,0.98493,0.9858,1,0.87087,0.85862,0.85426,0.97284,0.85419,0.88196,0.87932,0.88018,0.90089,0.88375,0.88945,0.87977,0.91746,0.83764,0.81151,0.8422,0.80478,0.85081,0.8794,0.88033,0.85718,0.872,0.86531,0.86744,0.88136,0.87986,0.87873,0.87748,0.87885,0.8782,0.91471,0.91309,0.88249,0.91079,0.90544,0.91287],[0.86348,0.87171,0.8728,0.86963,0.8754,0.87443,0.87087,1,0.90331,0.90291,0.87189,0.91688,0.88748,0.88666,0.89111,0.92534,0.8827,0.89913,0.89048,0.91114,0.8672,0.84632,0.88623,0.83979,0.88215,0.88367,0.883,0.88879,0.89913,0.88072,0.88008,0.88204,0.8824,0.88118,0.88313,0.8825,0.88072,0.89526,0.89498,0.88348,0.89528,0.88412,0.89463],[0.85504,0.8555,0.85824,0.85627,0.86173,0.85713,0.85862,0.90331,1,0.9335,0.85264,0.92389,0.85796,0.87725,0.88167,0.93602,0.87454,0.87597,0.87138,0.8899,0.8986,0.88883,0.91831,0.89131,0.9146,0.85485,0.85636,0.9113,0.90928,0.87029,0.86799,0.85528,0.85518,0.85427,0.85391,0.8534,0.85393,0.88799,0.88737,0.85695,0.89114,0.87284,0.88735],[0.85029,0.85233,0.85433,0.85316,0.8586,0.85433,0.85426,0.90291,0.9335,1,0.85183,0.92817,0.86117,0.86593,0.89049,0.93225,0.86733,0.87015,0.86476,0.88736,0.90673,0.86796,0.92475,0.87311,0.91491,0.86487,0.86513,0.90277,0.90714,0.8706,0.86961,0.86459,0.86394,0.86354,0.86369,0.86356,0.86232,0.88355,0.88224,0.86515,0.88483,0.86579,0.88234],[0.9657,0.98113,0.97549,0.97999,0.9776,0.98297,0.97284,0.87189,0.85264,0.85183,1,0.84783,0.88367,0.88438,0.88326,0.89879,0.88798,0.89456,0.88493,0.92265,0.83283,0.80359,0.83811,0.79793,0.84724,0.88458,0.88629,0.85154,0.87092,0.86867,0.87087,0.88632,0.88519,0.8845,0.88335,0.88403,0.88354,0.91166,0.90926,0.88762,0.90829,0.90311,0.90959],[0.8475,0.85026,0.85382,0.85062,0.85605,0.8521,0.85419,0.91688,0.92389,0.92817,0.84783,1,0.85725,0.86455,0.87202,0.92007,0.86271,0.86935,0.86362,0.87885,0.9044,0.88317,0.92623,0.88041,0.91892,0.85286,0.85159,0.91443,0.89964,0.85894,0.86091,0.85136,0.85082,0.85023,0.85141,0.85111,0.84934,0.88175,0.88063,0.85247,0.88011,0.868,0.88081],[0.87113,0.88336,0.88447,0.87636,0.88542,0.88625,0.88196,0.88748,0.85796,0.86117,0.88367,0.85725,1,0.89043,0.89212,0.89902,0.88853,0.9039,0.89347,0.93193,0.84456,0.8187,0.85771,0.81049,0.85529,0.90213,0.90353,0.86974,0.87196,0.89984,0.89861,0.90294,0.90329,0.9017,0.90191,0.90222,0.90088,0.90511,0.90474,0.90457,0.90358,0.89699,0.90426],[0.87262,0.8802,0.88175,0.87956,0.88452,0.88345,0.87932,0.88666,0.87725,0.86593,0.88438,0.86455,0.89043,1,0.88408,0.90264,0.96778,0.97221,0.97867,0.93407,0.83921,0.83672,0.8542,0.8318,0.85016,0.88507,0.88592,0.86446,0.86652,0.89518,0.89237,0.88561,0.88492,0.88449,0.88365,0.88357,0.88354,0.90323,0.90306,0.88702,0.90071,0.89239,0.90238],[0.87086,0.88024,0.88237,0.8813,0.88471,0.88438,0.88018,0.89111,0.88167,0.89049,0.88326,0.87202,0.89212,0.88408,1,0.91517,0.88388,0.89594,0.88522,0.91912,0.87025,0.84434,0.88813,0.84497,0.8859,0.92017,0.92139,0.88393,0.90402,0.94001,0.93815,0.92175,0.92017,0.92038,0.91998,0.91992,0.91993,0.90618,0.90551,0.92155,0.90133,0.89315,0.90345],[0.89615,0.89889,0.90152,0.89984,0.906,0.90113,0.90089,0.92534,0.93602,0.93225,0.89879,0.92007,0.89902,0.90264,0.91517,1,0.90598,0.90675,0.90036,0.93801,0.8915,0.86566,0.9063,0.86649,0.90855,0.89663,0.89714,0.90555,0.92204,0.88657,0.88571,0.89644,0.89588,0.89511,0.89541,0.89526,0.89395,0.9322,0.93219,0.89806,0.93281,0.91572,0.93163],[0.87645,0.88385,0.88545,0.88233,0.88804,0.8867,0.88375,0.8827,0.87454,0.86733,0.88798,0.86271,0.88853,0.96778,0.88388,0.90598,1,0.95679,0.96021,0.93679,0.84028,0.82466,0.85223,0.8203,0.85116,0.88477,0.8856,0.86488,0.87013,0.88777,0.88519,0.88518,0.88479,0.88413,0.88333,0.88343,0.88306,0.90626,0.90603,0.88592,0.90753,0.89512,0.90562],[0.88162,0.89096,0.89224,0.88917,0.89465,0.89448,0.88945,0.89913,0.87597,0.87015,0.89456,0.86935,0.9039,0.97221,0.89594,0.90675,0.95679,1,0.98273,0.9477,0.84695,0.83896,0.86064,0.83286,0.85667,0.90044,0.90068,0.87036,0.87367,0.90917,0.90735,0.90125,0.90012,0.89957,0.89859,0.89909,0.89858,0.91558,0.91543,0.90245,0.9112,0.90567,0.91452],[0.87365,0.8805,0.88195,0.87955,0.8852,0.88378,0.87977,0.89048,0.87138,0.86476,0.88493,0.86362,0.89347,0.97867,0.88522,0.90036,0.96021,0.98273,1,0.93604,0.83958,0.83527,0.85382,0.8287,0.8488,0.88984,0.89059,0.86132,0.86535,0.89789,0.89615,0.89033,0.88994,0.88918,0.8884,0.88839,0.8882,0.90406,0.90356,0.89133,0.90302,0.89353,0.90338],[0.91005,0.91956,0.92006,0.91699,0.92301,0.92307,0.91746,0.91114,0.8899,0.88736,0.92265,0.87885,0.93193,0.93407,0.91912,0.93801,0.93679,0.9477,0.93604,1,0.86298,0.83481,0.86908,0.83107,0.87785,0.92697,0.92833,0.88698,0.90808,0.91802,0.91683,0.92797,0.92738,0.92665,0.92543,0.92576,0.92558,0.94759,0.94789,0.92928,0.94859,0.94019,0.94667],[0.83296,0.83636,0.83873,0.83639,0.84173,0.83834,0.83764,0.8672,0.8986,0.90673,0.83283,0.9044,0.84456,0.83921,0.87025,0.8915,0.84028,0.84695,0.83958,0.86298,1,0.90416,0.94177,0.90887,0.96164,0.84579,0.84671,0.93402,0.91738,0.85839,0.85442,0.84739,0.84703,0.84625,0.84471,0.84477,0.84615,0.86316,0.86228,0.84706,0.86267,0.84269,0.86286],[0.80789,0.80823,0.81228,0.81336,0.81341,0.81036,0.81151,0.84632,0.88883,0.86796,0.80359,0.88317,0.8187,0.83672,0.84434,0.86566,0.82466,0.83896,0.83527,0.83481,0.90416,1,0.91117,0.95114,0.91057,0.82027,0.82086,0.8967,0.88124,0.84135,0.83492,0.82242,0.8213,0.82087,0.81946,0.81915,0.82158,0.84492,0.84423,0.82217,0.84194,0.82895,0.844],[0.83612,0.84081,0.8431,0.83959,0.84614,0.84239,0.8422,0.88623,0.91831,0.92475,0.83811,0.92623,0.85771,0.8542,0.88813,0.9063,0.85223,0.86064,0.85382,0.86908,0.94177,0.91117,1,0.91369,0.94952,0.86257,0.86381,0.93483,0.92869,0.88324,0.87978,0.86404,0.86417,0.86296,0.86217,0.8618,0.86336,0.86789,0.8665,0.8641,0.86815,0.84861,0.8671],[0.79982,0.80154,0.80564,0.80747,0.80674,0.80379,0.80478,0.83979,0.89131,0.87311,0.79793,0.88041,0.81049,0.8318,0.84497,0.86649,0.8203,0.83286,0.8287,0.83107,0.90887,0.95114,0.91369,1,0.91454,0.8171,0.8177,0.89502,0.87565,0.83676,0.83048,0.819,0.81769,0.8179,0.81637,0.81601,0.81861,0.83655,0.83622,0.81846,0.83221,0.81851,0.8355],[0.84611,0.84955,0.85169,0.84953,0.85493,0.85138,0.85081,0.88215,0.9146,0.91491,0.84724,0.91892,0.85529,0.85016,0.8859,0.90855,0.85116,0.85667,0.8488,0.87785,0.96164,0.91057,0.94952,0.91454,1,0.86143,0.86257,0.94348,0.92936,0.86884,0.86544,0.86302,0.86281,0.86178,0.8604,0.86051,0.8619,0.87774,0.87696,0.86343,0.87826,0.85971,0.87742],[0.86611,0.88002,0.88202,0.87429,0.88306,0.88367,0.8794,0.88367,0.85485,0.86487,0.88458,0.85286,0.90213,0.88507,0.92017,0.89663,0.88477,0.90044,0.88984,0.92697,0.84579,0.82027,0.86257,0.8171,0.86143,1,0.9877,0.86631,0.89859,0.91085,0.90882,0.98853,0.98794,0.98991,0.99283,0.9921,0.98727,0.90444,0.90303,0.98676,0.89978,0.89745,0.902],[0.86822,0.88151,0.88265,0.87476,0.88496,0.88439,0.88033,0.883,0.85636,0.86513,0.88629,0.85159,0.90353,0.88592,0.92139,0.89714,0.8856,0.90068,0.89059,0.92833,0.84671,0.82086,0.86381,0.8177,0.86257,0.9877,1,0.86545,0.90078,0.91265,0.91098,0.99511,0.99471,0.99522,0.99175,0.99337,0.99296,0.90411,0.90268,0.99215,0.90108,0.89752,0.90219],[0.849,0.85569,0.85815,0.85508,0.8593,0.85765,0.85718,0.88879,0.9113,0.90277,0.85154,0.91443,0.86974,0.86446,0.88393,0.90555,0.86488,0.87036,0.86132,0.88698,0.93402,0.8967,0.93483,0.89502,0.94348,0.86631,0.86545,1,0.93173,0.8765,0.87295,0.86597,0.86534,0.86452,0.86463,0.86481,0.86348,0.88337,0.88304,0.86739,0.88274,0.86517,0.88335],[0.86399,0.872,0.87305,0.86837,0.87654,0.87398,0.872,0.89913,0.90928,0.90714,0.87092,0.89964,0.87196,0.86652,0.90402,0.92204,0.87013,0.87367,0.86535,0.90808,0.91738,0.88124,0.92869,0.87565,0.92936,0.89859,0.90078,0.93173,1,0.88872,0.88421,0.90069,0.90123,0.90004,0.89899,0.8984,0.90076,0.90109,0.90045,0.90097,0.90631,0.88399,0.90128],[0.8561,0.86724,0.86757,0.8637,0.87023,0.8706,0.86531,0.88072,0.87029,0.8706,0.86867,0.85894,0.89984,0.89518,0.94001,0.88657,0.88777,0.90917,0.89789,0.91802,0.85839,0.84135,0.88324,0.83676,0.86884,0.91085,0.91265,0.8765,0.88872,1,0.98672,0.91229,0.9125,0.91129,0.91093,0.91064,0.91159,0.89,0.88918,0.91254,0.88712,0.87934,0.88872],[0.85788,0.8691,0.86968,0.86573,0.87226,0.87247,0.86744,0.88008,0.86799,0.86961,0.87087,0.86091,0.89861,0.89237,0.93815,0.88571,0.88519,0.90735,0.89615,0.91683,0.85442,0.83492,0.87978,0.83048,0.86544,0.90882,0.91098,0.87295,0.88421,0.98672,1,0.91124,0.91053,0.90963,0.90877,0.90887,0.90963,0.89102,0.88973,0.91096,0.88785,0.88038,0.88933],[0.86815,0.88205,0.88392,0.87604,0.885,0.88555,0.88136,0.88204,0.85528,0.86459,0.88632,0.85136,0.90294,0.88561,0.92175,0.89644,0.88518,0.90125,0.89033,0.92797,0.84739,0.82242,0.86404,0.819,0.86302,0.98853,0.99511,0.86597,0.90069,0.91229,0.91124,1,0.99583,0.99483,0.99082,0.99377,0.99285,0.90547,0.90384,0.99383,0.90103,0.89849,0.90315],[0.86759,0.88102,0.88212,0.87398,0.88415,0.88373,0.87986,0.8824,0.85518,0.86394,0.88519,0.85082,0.90329,0.88492,0.92017,0.89588,0.88479,0.90012,0.88994,0.92738,0.84703,0.8213,0.86417,0.81769,0.86281,0.98794,0.99471,0.86534,0.90123,0.9125,0.91053,0.99583,1,0.994,0.99126,0.99322,0.99381,0.9036,0.90205,0.99351,0.90088,0.89684,0.90181],[0.86629,0.87978,0.8811,0.87345,0.88307,0.88295,0.87873,0.88118,0.85427,0.86354,0.8845,0.85023,0.9