{"roc":{"ROCy":[0,0.375,0.375,0.375,0.375,0.45833,0.5,0.58333,0.66667,0.75,0.75,0.79167,0.79167,0.79167,0.79167,0.79167,0.79167,0.83333,0.875,0.875,0.875,0.91667,0.91667,0.91667,0.91667,0.91667,0.91667,0.91667,0.91667,0.91667,0.91667,0.91667,0.91667,0.91667,0.91667,0.91667,0.91667,0.91667,0.91667,0.91667,0.91667,0.91667,0.91667,0.91667,0.91667,0.91667,0.91667,0.91667,0.91667,0.91667,0.95833,0.95833,0.95833,0.95833,0.95833,0.95833,0.95833,0.95833,0.95833,0.95833,1,1,1,1,1,1,1,1,1,1,1,1,1,1,1,1,1,1,1,1,1,1,1,1,1,1,1,1,1,1,1,1,1,1,1,1,1,1,1,1,1],"ROCx":[0,0,0,0,0,0,0,0,0,0,0,0,0,0,0,0,0,0,0,0,0,0,0,0,0,0,0,0,0,0,0,0,0,0,0,0,0,0,0,0,0.01449,0.02174,0.02174,0.02174,0.02174,0.02174,0.02174,0.02174,0.02174,0.02174,0.02899,0.04348,0.07971,0.0942,0.12319,0.13768,0.17391,0.21739,0.26087,0.31159,0.36957,0.37681,0.4058,0.41304,0.42029,0.45652,0.46377,0.48551,0.52174,0.57971,0.63043,0.63768,0.63768,0.63768,0.64493,0.67391,0.7029,0.74638,0.75362,0.75362,0.77536,0.78986,0.80435,0.81884,0.82609,0.83333,0.84058,0.85507,0.87681,0.88406,0.8913,0.9058,0.93478,0.94928,0.96377,0.96377,0.97101,0.97826,0.97826,0.99275,1],"ARUC":0.9847524154589372},"stats":{"avrSample":0.31314499601207735,"histogramSample":[0.00725,0,0.01449,0,0,0.00725,0,0.00725,0,0,0.00725,0.01449,0,0.02174,0.01449,0.00725,0.00725,0.00725,0,0.00725,0.01449,0.01449,0.00725,0.00725,0,0.00725,0.00725,0,0.00725,0.00725,0,0.01449,0.00725,0.00725,0.02174,0,0,0.00725,0.02174,0.02174,0.02899,0.02174,0.00725,0.00725,0,0,0,0,0.00725,0.01449,0.02174,0.03623,0.03623,0.02174,0.02174,0.01449,0,0.00725,0.01449,0.02174,0.00725,0.00725,0,0.01449,0.02174,0,0.03623,0.02899,0.02899,0.03623,0.02174,0.02174,0.04348,0.01449,0,0.01449,0.02174,0.00725,0.01449,0.01449,0.01449,0.01449,0.01449,0,0,0,0,0,0,0,0,0,0,0,0,0,0,0,0.00725,0.00725,0.00725],"areaOverlap":0.08514492753623189,"stdControl":0.1473144266273871,"Z-probability":0.9619016717082324,"stdSample":0.13767376575493448,"avrControl":0.903177293999863,"histogramControl":[0.04167,0,0,0,0,0,0,0,0,0,0,0,0,0,0,0,0.04167,0,0,0,0,0,0,0,0,0,0,0,0,0,0,0,0,0,0,0,0,0,0,0,0,0,0,0,0,0,0,0,0,0,0,0,0,0,0,0,0,0,0,0,0,0,0,0,0,0.04167,0,0,0,0,0.04167,0,0.04167,0,0,0,0,0,0,0,0,0,0,0.04167,0,0.08333,0,0.04167,0.125,0,0,0.04167,0.08333,0,0,0,0,0,0,0,0.375],"Z":-0.4490131812490432},"rocChart":{"value":{"series":[[0,0.375,0.375,0.375,0.375,0.45833,0.5,0.58333,0.66667,0.75,0.75,0.79167,0.79167,0.79167,0.79167,0.79167,0.79167,0.83333,0.875,0.875,0.875,0.91667,0.91667,0.91667,0.91667,0.91667,0.91667,0.91667,0.91667,0.91667,0.91667,0.91667,0.91667,0.91667,0.91667,0.91667,0.91667,0.91667,0.91667,0.91667,0.91667,0.91667,0.91667,0.91667,0.91667,0.91667,0.91667,0.91667,0.91667,0.91667,0.95833,0.95833,0.95833,0.95833,0.95833,0.95833,0.95833,0.95833,0.95833,0.95833,1,1,1,1,1,1,1,1,1,1,1,1,1,1,1,1,1,1,1,1,1,1,1,1,1,1,1,1,1,1,1,1,1,1,1,1,1,1,1,1,1]],"title":"ROC Curve","yAxis":{"label":"FPR"},"serieLabels":[""],"xAxis":{"label":"TPR"},"x":[0,0,0,0,0,0,0,0,0,0,0,0,0,0,0,0,0,0,0,0,0,0,0,0,0,0,0,0,0,0,0,0,0,0,0,0,0,0,0,0,0.01449,0.02174,0.02174,0.02174,0.02174,0.02174,0.02174,0.02174,0.02174,0.02174,0.02899,0.04348,0.07971,0.0942,0.12319,0.13768,0.17391,0.21739,0.26087,0.31159,0.36957,0.37681,0.4058,0.41304,0.42029,0.45652,0.46377,0.48551,0.52174,0.57971,0.63043,0.63768,0.63768,0.63768,0.64493,0.67391,0.7029,0.74638,0.75362,0.75362,0.77536,0.78986,0.80435,0.81884,0.82609,0.83333,0.84058,0.85507,0.87681,0.88406,0.8913,0.9058,0.93478,0.94928,0.96377,0.96377,0.97101,0.97826,0.97826,0.99275,1]},"type":"xyChart"},"histogram":{"value":{"series":[[0.00725,0,0.01449,0,0,0.00725,0,0.00725,0,0,0.00725,0.01449,0,0.02174,0.01449,0.00725,0.00725,0.00725,0,0.00725,0.01449,0.01449,0.00725,0.00725,0,0.00725,0.00725,0,0.00725,0.00725,0,0.01449,0.00725,0.00725,0.02174,0,0,0.00725,0.02174,0.02174,0.02899,0.02174,0.00725,0.00725,0,0,0,0,0.00725,0.01449,0.02174,0.03623,0.03623,0.02174,0.02174,0.01449,0,0.00725,0.01449,0.02174,0.00725,0.00725,0,0.01449,0.02174,0,0.03623,0.02899,0.02899,0.03623,0.02174,0.02174,0.04348,0.01449,0,0.01449,0.02174,0.00725,0.01449,0.01449,0.01449,0.01449,0.01449,0,0,0,0,0,0,0,0,0,0,0,0,0,0,0,0.00725,0.00725,0.00725],[0.04167,0,0,0,0,0,0,0,0,0,0,0,0,0,0,0,0.04167,0,0,0,0,0,0,0,0,0,0,0,0,0,0,0,0,0,0,0,0,0,0,0,0,0,0,0,0,0,0,0,0,0,0,0,0,0,0,0,0,0,0,0,0,0,0,0,0,0.04167,0,0,0,0,0.04167,0,0.04167,0,0,0,0,0,0,0,0,0,0,0.04167,0,0.08333,0,0.04167,0.125,0,0,0.04167,0.08333,0,0,0,0,0,0,0,0.375]],"title":"Sample and Control distribution","yAxis":{"label":"Population"},"serieLabels":["Sample","Control"],"xAxis":{"label":"Similarity"},"x":[0,1,2,3,4,5,6,7,8,9,10,11,12,13,14,15,16,17,18,19,20,21,22,23,24,25,26,27,28,29,30,31,32,33,34,35,36,37,38,39,40,41,42,43,44,45,46,47,48,49,50,51,52,53,54,55,56,57,58,59,60,61,62,63,64,65,66,67,68,69,70,71,72,73,74,75,76,77,78,79,80,81,82,83,84,85,86,87,88,89,90,91,92,93,94,95,96,97,98,99,100]},"type":"xyChart"},"distanceMatrix":{"value":{"yLabel":[{"Subclass":"Nylon6","General class":"Nylon","batch":"1-3","Class":"Nylon6","code":"84A0210","jcamp":{"type":"jcamp","url":"http://mylims.epfl.ch/lims/Lims?action=GetResource&id=28298596&table=ir&column=resource&mimetype=chemical/x-jcamp-dx&&key=ycUpMpEN1f"}},{"Subclass":"Nylon6","General class":"Nylon","batch":"3-5","Class":"Nylon6","code":"85A0277","jcamp":{"type":"jcamp","url":"http://mylims.epfl.ch/lims/Lims?action=GetResource&id=28298728&table=ir&column=resource&mimetype=chemical/x-jcamp-dx&&key=LxKaYHEnk5"}},{"Subclass":"Nylon66","General class":"Nylon","batch":"4-6","Class":"Nylon66","code":"87A0402","jcamp":{"type":"jcamp","url":"http://mylims.epfl.ch/lims/Lims?action=GetResource&id=28299070&table=ir&column=resource&mimetype=chemical/x-jcamp-dx&&key=eM4MXefP8o"}},{"Subclass":"modacrylic_PAN_VDC","General class":"Modacrylic","batch":"3-1","Class":"modacrylic","code":"87A0381","jcamp":{"type":"jcamp","url":"http://mylims.epfl.ch/lims/Lims?action=GetResource&id=28298128&table=ir&column=resource&mimetype=chemical/x-jcamp-dx&&key=qZEjmJTpmc"}},{"Subclass":"Nylon6","General class":"Nylon","batch":"2-5","Class":"Nylon6","code":"82","jcamp":{"type":"jcamp","url":"http://mylims.epfl.ch/lims/Lims?action=GetResource&id=28298380&table=ir&column=resource&mimetype=chemical/x-jcamp-dx&&key=NjfqcX3pvQ"}},{"Subclass":"fluorocarbon","General class":"Fluorocarbon","batch":"4-5","Class":"fluorocarbon","code":"87A0465","jcamp":{"type":"jcamp","url":"http://mylims.epfl.ch/lims/Lims?action=GetResource&id=28297444&table=ir&column=resource&mimetype=chemical/x-jcamp-dx&&key=L2pt7hJpOO"}},{"Subclass":"modacrylic_PAN_VC","General class":"Modacrylic","batch":"2-1","Class":"modacrylic","code":"66","jcamp":{"type":"jcamp","url":"http://mylims.epfl.ch/lims/Lims?action=GetResource&id=28297696&table=ir&column=resource&mimetype=chemical/x-jcamp-dx&&key=vwmcsrFW97"}},{"Subclass":"rayon","General class":"Rayon","batch":"1-1","Class":"rayon","code":"85A0231","jcamp":{"type":"jcamp","url":"http://mylims.epfl.ch/lims/Lims?action=GetResource&id=28297066&table=ir&column=resource&mimetype=chemical/x-jcamp-dx&&key=nAc6DWyk8E"}},{"Subclass":"PAN_MA","General class":"Acrylic","batch":"2-2","Class":"PAN","code":"39","jcamp":{"type":"jcamp","url":"http://mylims.epfl.ch/lims/Lims?action=GetResource&id=28296550&table=ir&column=resource&mimetype=chemical/x-jcamp-dx&&key=mobWHstG6o"}},{"Subclass":"rayon","General class":"Rayon","batch":"1-5","Class":"rayon","code":"188","jcamp":{"type":"jcamp","url":"http://mylims.epfl.ch/lims/Lims?action=GetResource&id=28296808&table=ir&column=resource&mimetype=chemical/x-jcamp-dx&&key=9SkakBfah8"}},{"Subclass":"Polyester_PET","General class":"Polyester","batch":"2-6","Class":"Polyester","code":"87A0462","jcamp":{"type":"jcamp","url":"http://mylims.epfl.ch/lims/Lims?action=GetResource&id=28295740&table=ir&column=resource&mimetype=chemical/x-jcamp-dx&&key=TALwfAQ95O"}},{"Subclass":"triacetate","General class":"Acetate","batch":"4-4","Class":"triacetate","code":"87A0418","jcamp":{"type":"jcamp","url":"http://mylims.epfl.ch/lims/Lims?action=GetResource&id=28296088&table=ir&column=resource&mimetype=chemical/x-jcamp-dx&&key=2mmYsbpNKV"}},{"Subclass":"triacetate","General class":"Acetate","batch":"3-1","Class":"triacetate","code":"85A0301","jcamp":{"type":"jcamp","url":"http://mylims.epfl.ch/lims/Lims?action=GetResource&id=28296010&table=ir&column=resource&mimetype=chemical/x-jcamp-dx&&key=T2khPWiI10"}},{"Subclass":"Polyester_PET","General class":"Polyester","batch":"1-3","Class":"Polyester","code":"87A0350","jcamp":{"type":"jcamp","url":"http://mylims.epfl.ch/lims/Lims?action=GetResource&id=28295422&table=ir&column=resource&mimetype=chemical/x-jcamp-dx&&key=RLiblEUM5h"}},{"Subclass":"Polyester_PET","General class":"Polyester","batch":"1-1","Class":"Polyester","code":"85A0303","jcamp":{"type":"jcamp","url":"http://mylims.epfl.ch/lims/Lims?action=GetResource&id=28295182&table=ir&column=resource&mimetype=chemical/x-jcamp-dx&&key=NGOsoXDtuI"}},{"Subclass":"Olefin_polypropylene","General class":"Olefin","batch":"3-1","Class":"Olefin","code":"87A0406","jcamp":{"type":"jcamp","url":"http://mylims.epfl.ch/lims/Lims?action=GetResource&id=28294240&table=ir&column=resource&mimetype=chemical/x-jcamp-dx&&key=eHF7Xh713P"}},{"Subclass":"Olefin_polypropylene","General class":"Olefin","batch":"1-2","Class":"Olefin","code":"87A0471","jcamp":{"type":"jcamp","url":"http://mylims.epfl.ch/lims/Lims?action=GetResource&id=28294594&table=ir&column=resource&mimetype=chemical/x-jcamp-dx&&key=MYWPdDcZ2W"}},{"Subclass":"Olefin_polypropylene","General class":"Olefin","batch":"1-2","Class":"Olefin","code":"85A0265","jcamp":{"type":"jcamp","url":"http://mylims.epfl.ch/lims/Lims?action=GetResource&id=28294138&table=ir&column=resource&mimetype=chemical/x-jcamp-dx&&key=JzcSdkWe0R"}}],"xLabel":[{"Subclass":"Nylon6","General class":"Nylon","batch":"1-3","Class":"Nylon6","code":"84A0210","jcamp":{"type":"jcamp","url":"http://mylims.epfl.ch/lims/Lims?action=GetResource&id=28298596&table=ir&column=resource&mimetype=chemical/x-jcamp-dx&&key=ycUpMpEN1f"}},{"Subclass":"Nylon6","General class":"Nylon","batch":"3-5","Class":"Nylon6","code":"85A0277","jcamp":{"type":"jcamp","url":"http://mylims.epfl.ch/lims/Lims?action=GetResource&id=28298728&table=ir&column=resource&mimetype=chemical/x-jcamp-dx&&key=LxKaYHEnk5"}},{"Subclass":"Nylon66","General class":"Nylon","batch":"4-6","Class":"Nylon66","code":"87A0402","jcamp":{"type":"jcamp","url":"http://mylims.epfl.ch/lims/Lims?action=GetResource&id=28299070&table=ir&column=resource&mimetype=chemical/x-jcamp-dx&&key=eM4MXefP8o"}},{"Subclass":"modacrylic_PAN_VDC","General class":"Modacrylic","batch":"3-1","Class":"modacrylic","code":"87A0381","jcamp":{"type":"jcamp","url":"http://mylims.epfl.ch/lims/Lims?action=GetResource&id=28298128&table=ir&column=resource&mimetype=chemical/x-jcamp-dx&&key=qZEjmJTpmc"}},{"Subclass":"Nylon6","General class":"Nylon","batch":"2-5","Class":"Nylon6","code":"82","jcamp":{"type":"jcamp","url":"http://mylims.epfl.ch/lims/Lims?action=GetResource&id=28298380&table=ir&column=resource&mimetype=chemical/x-jcamp-dx&&key=NjfqcX3pvQ"}},{"Subclass":"fluorocarbon","General class":"Fluorocarbon","batch":"4-5","Class":"fluorocarbon","code":"87A0465","jcamp":{"type":"jcamp","url":"http://mylims.epfl.ch/lims/Lims?action=GetResource&id=28297444&table=ir&column=resource&mimetype=chemical/x-jcamp-dx&&key=L2pt7hJpOO"}},{"Subclass":"modacrylic_PAN_VC","General class":"Modacrylic","batch":"2-1","Class":"modacrylic","code":"66","jcamp":{"type":"jcamp","url":"http://mylims.epfl.ch/lims/Lims?action=GetResource&id=28297696&table=ir&column=resource&mimetype=chemical/x-jcamp-dx&&key=vwmcsrFW97"}},{"Subclass":"rayon","General class":"Rayon","batch":"1-1","Class":"rayon","code":"85A0231","jcamp":{"type":"jcamp","url":"http://mylims.epfl.ch/lims/Lims?action=GetResource&id=28297066&table=ir&column=resource&mimetype=chemical/x-jcamp-dx&&key=nAc6DWyk8E"}},{"Subclass":"PAN_MA","General class":"Acrylic","batch":"2-2","Class":"PAN","code":"39","jcamp":{"type":"jcamp","url":"http://mylims.epfl.ch/lims/Lims?action=GetResource&id=28296550&table=ir&column=resource&mimetype=chemical/x-jcamp-dx&&key=mobWHstG6o"}},{"Subclass":"rayon","General class":"Rayon","batch":"1-5","Class":"rayon","code":"188","jcamp":{"type":"jcamp","url":"http://mylims.epfl.ch/lims/Lims?action=GetResource&id=28296808&table=ir&column=resource&mimetype=chemical/x-jcamp-dx&&key=9SkakBfah8"}},{"Subclass":"Polyester_PET","General class":"Polyester","batch":"2-6","Class":"Polyester","code":"87A0462","jcamp":{"type":"jcamp","url":"http://mylims.epfl.ch/lims/Lims?action=GetResource&id=28295740&table=ir&column=resource&mimetype=chemical/x-jcamp-dx&&key=TALwfAQ95O"}},{"Subclass":"triacetate","General class":"Acetate","batch":"4-4","Class":"triacetate","code":"87A0418","jcamp":{"type":"jcamp","url":"http://mylims.epfl.ch/lims/Lims?action=GetResource&id=28296088&table=ir&column=resource&mimetype=chemical/x-jcamp-dx&&key=2mmYsbpNKV"}},{"Subclass":"triacetate","General class":"Acetate","batch":"3-1","Class":"triacetate","code":"85A0301","jcamp":{"type":"jcamp","url":"http://mylims.epfl.ch/lims/Lims?action=GetResource&id=28296010&table=ir&column=resource&mimetype=chemical/x-jcamp-dx&&key=T2khPWiI10"}},{"Subclass":"Polyester_PET","General class":"Polyester","batch":"1-3","Class":"Polyester","code":"87A0350","jcamp":{"type":"jcamp","url":"http://mylims.epfl.ch/lims/Lims?action=GetResource&id=28295422&table=ir&column=resource&mimetype=chemical/x-jcamp-dx&&key=RLiblEUM5h"}},{"Subclass":"Polyester_PET","General class":"Polyester","batch":"1-1","Class":"Polyester","code":"85A0303","jcamp":{"type":"jcamp","url":"http://mylims.epfl.ch/lims/Lims?action=GetResource&id=28295182&table=ir&column=resource&mimetype=chemical/x-jcamp-dx&&key=NGOsoXDtuI"}},{"Subclass":"Olefin_polypropylene","General class":"Olefin","batch":"3-1","Class":"Olefin","code":"87A0406","jcamp":{"type":"jcamp","url":"http://mylims.epfl.ch/lims/Lims?action=GetResource&id=28294240&table=ir&column=resource&mimetype=chemical/x-jcamp-dx&&key=eHF7Xh713P"}},{"Subclass":"Olefin_polypropylene","General class":"Olefin","batch":"1-2","Class":"Olefin","code":"87A0471","jcamp":{"type":"jcamp","url":"http://mylims.epfl.ch/lims/Lims?action=GetResource&id=28294594&table=ir&column=resource&mimetype=chemical/x-jcamp-dx&&key=MYWPdDcZ2W"}},{"Subclass":"Olefin_polypropylene","General class":"Olefin","batch":"1-2","Class":"Olefin","code":"85A0265","jcamp":{"type":"jcamp","url":"http://mylims.epfl.ch/lims/Lims?action=GetResource&id=28294138&table=ir&column=resource&mimetype=chemical/x-jcamp-dx&&key=JzcSdkWe0R"}}],"data":[[1,0.82386,0.83529,0.06682,0.79752,0.23507,0.38696,0.26326,0.01394,0.25369,0.20962,0.15298,0.16104,0.19971,0.20684,0.43406,0.42054,0.43071],[0.82386,1,0.93478,0.09135,0.91583,0.31548,0.4147,0.30751,0.03605,0.31265,0.30685,0.2392,0.24332,0.29375,0.3015,0.48973,0.46709,0.49353],[0.83529,0.93478,1,0.09846,0.89948,0.32956,0.41634,0.30985,0.04573,0.31438,0.31331,0.24249,0.24719,0.30148,0.30926,0.49948,0.47675,0.50095],[0.06682,0.09135,0.09846,1,0.07152,0.13023,0.50429,0.12609,0.41229,0.22354,0.1189,0.17588,0.17251,0.08742,0.10763,0.25422,0.24687,0.25268],[0.79752,0.91583,0.89948,0.07152,1,0.31448,0.40253,0.31306,0.01316,0.32034,0.31866,0.23318,0.23776,0.30786,0.31545,0.47365,0.45862,0.48006],[0.23507,0.31548,0.32956,0.13023,0.31448,1,0.40343,0.20903,0.07914,0.37165,0.4222,0.40246,0.40074,0.41215,0.4223,0.44214,0.42581,0.44045],[0.38696,0.4147,0.41634,0.50429,0.40253,0.40343,1,0.41036,0.35951,0.43016,0.38982,0.32474,0.32536,0.3667,0.38172,0.60409,0.60337,0.59659],[0.26326,0.30751,0.30985,0.12609,0.31306,0.20903,0.41036,1,0,0.40828,0.25155,0.12753,0.12461,0.23297,0.23964,0.43543,0.41739,0.44049],[0.01394,0.03605,0.04573,0.41229,0.01316,0.07914,0.35951,0,1,0.06142,0.08971,0.13642,0.14063,0.08214,0.08366,0.19347,0.18933,0.18866],[0.25369,0.31265,0.31438,0.22354,0.32034,0.37165,0.43016,0.40828,0.06142,1,0.34643,0.40749,0.38636,0.3273,0.33806,0.44084,0.4632,0.43833],[0.20962,0.30685,0.31331,0.1189,0.31866,0.4222,0.38982,0.25155,0.08971,0.34643,1,0.4852,0.46173,0.91624,0.95337,0.42616,0.40839,0.44276],[0.15298,0.2392,0.24249,0.17588,0.23318,0.40246,0.32474,0.12753,0.13642,0.40749,0.4852,1,0.92354,0.4825,0.48674,0.35126,0.33048,0.35504],[0.16104,0.24332,0.24719,0.17251,0.23776,0.40074,0.32536,0.12461,0.14063,0.38636,0.46173,0.92354,1,0.45665,0.46207,0.35648,0.33798,0.35907],[0.19971,0.29375,0.30148,0.08742,0.30786,0.41215,0.3667,0.23297,0.08214,0.3273,0.91624,0.4825,0.45665,1,0.94786,0.40799,0.39219,0.42443],[0.20684,0.3015,0.30926,0.10763,0.31545,0.4223,0.38172,0.23964,0.08366,0.33806,0.95337,0.48674,0.46207,0.94786,1,0.41973,0.40316,0.43529],[0.43406,0.48973,0.49948,0.25422,0.47365,0.44214,0.60409,0.43543,0.19347,0.44084,0.42616,0.35126,0.35648,0.40799,0.41973,1,0.9337,0.95288],[0.42054,0.46709,0.47675,0.24687,0.45862,0.42581,0.60337,0.41739,0.18933,0.4632,0.40839,0.33048,0.33798,0.39219,0.40316,0.9337,1,0.92934],[0.43071,0.49353,0.50095,0.25268,0.48006,0.44045,0.59659,0.44049,0.18866,0.43833,0.44276,0.35504,0.35907,0.42443,0.43529,0.95288,0.92934,1]]},"type":"matrix"},"visualizerLayoutReadURL":"http://script.epfl.ch/servletScript/JavaScriptServlet?action=LoadFile&filename=lpatiny/data//Research/Fiber/analysisVisu.view&key=Zv1Ib2VDf6","visualizerLayoutWriteURL":"http://script.epfl.ch/servletScript/JavaScriptServlet?action=SaveFile&filename=lpatiny/data//Research/Fiber/analysisVisu.view&key=h5fKTxoIWD"}